Accuracy: 76.307 %

Confusion matrix, without normalization
[[269   2   0   5  54  20  16   0   0   1   1]
 [  5  60   0  21  20   9  24   0   0   4   5]
 [  2   0 180  10  14   5  11   5   0   3   1]
 [ 26   8   2 314  58  13  52   1   1   2  23]
 [ 16   1   0  12 273   4  20   4   1   2   2]
 [ 13   0   0   6  23 217  24   0   0   1   3]
 [  6   1   0   1  11  11 392   2   0   2   6]
 [  0   0   1   0   0   0   0 143   0   0   3]
 [  1   0   5   2   6   0   4   1  75   2   0]
 [ 10   3   2  14  54   9  43   2   0 158   8]
 [  1   1   0   7   5   3   3   6   1   0 473]]

 Normalized confusion matrix
[[0.73 0.01 0.00 0.01 0.15 0.05 0.04 0.00 0.00 0.00 0.00]
 [0.03 0.41 0.00 0.14 0.14 0.06 0.16 0.00 0.00 0.03 0.03]
 [0.01 0.00 0.78 0.04 0.06 0.02 0.05 0.02 0.00 0.01 0.00]
 [0.05 0.02 0.00 0.63 0.12 0.03 0.10 0.00 0.00 0.00 0.05]
 [0.05 0.00 0.00 0.04 0.81 0.01 0.06 0.01 0.00 0.01 0.01]
 [0.05 0.00 0.00 0.02 0.08 0.76 0.08 0.00 0.00 0.00 0.01]
 [0.01 0.00 0.00 0.00 0.03 0.03 0.91 0.00 0.00 0.00 0.01]
 [0.00 0.00 0.01 0.00 0.00 0.00 0.00 0.97 0.00 0.00 0.02]
 [0.01 0.00 0.05 0.02 0.06 0.00 0.04 0.01 0.78 0.02 0.00]
 [0.03 0.01 0.01 0.05 0.18 0.03 0.14 0.01 0.00 0.52 0.03]
 [0.00 0.00 0.00 0.01 0.01 0.01 0.01 0.01 0.00 0.00 0.95]]
